track:
camera matrix
1299.351750 0.000000 650.629886
0.000000 1292.515181 532.876867
0.000000 0.000000 1.000000

distortion
-0.420177 0.261718 0.002704 0.000718 0.000000

rectification
1.000000 0.000000 0.000000
0.000000 1.000000 0.000000
0.000000 0.000000 1.000000

projection
1161.414795 0.000000 651.758319 0.000000
0.000000 1202.231689 537.030884 0.000000
0.000000 0.000000 1.000000 0.000000

post:
<param name="camera_matrix">1052.974150 0.000000 646.343139 ; 0.000000 1048.529819 506.165068 ; 0.000000 0.000000 1.000000</param>
					<param name="dist_coeffs">-0.405033 0.189376 0.000262 0.000465 0.000000</param>
